X1,X2,X3,C
6.204641271,-0.024561429,-4.980298588,1
6.247754649,0.359347474,-4.772095976,1
6.645912834,1.04095665,-5.033993286,1
5.89728482,0.403238868,-5.146077091,1
6.115611731,0.379083965,-4.932084842,1
6.462625639,0.693111867,-6.144701979,1
6.190957315,0.219409128,-5.662910591,1
6.706106923,0.960684716,-5.706384153,1
6.464388367,0.872577049,-5.434999541,1
7.277187611,0.631245596,-5.65168297,1
6.294809229,-0.239815002,-5.989467613,1
6.958689684,0.550821402,-5.803796846,1
6.940524873,0.627125046,-5.870829034,1
6.13500199,0.764529646,-5.528935734,1
6.385654891,-0.282672974,-6.003981979,1
5.742651235,0.47119882,-5.326543975,1
6.43739314,1.071527066,-5.455285195,1
6.33017324,-0.136802248,-4.906493007,1
6.380119496,0.663349726,-5.799201512,1
6.069911409,0.441378735,-5.466861717,1
5.970467499,0.13223912,-5.161140828,1
7.182699234,-0.041373611,-5.55882222,1
6.848148486,0.232478695,-5.302180314,1
6.228359943,0.236319266,-4.7816681,1
6.583736005,1.061907632,-5.479448393,1
6.70295863,0.027436047,-5.960716515,1
6.090826027,-0.262173202,-5.566401082,1
6.311242587,0.016771656,-5.44149234,1
5.948409222,0.124511578,-5.123679678,1
6.737067528,0.73486705,-6.019498695,1
7.005648238,0.624031661,-5.966837599,1
6.112023288,-0.06478997,-5.876922027,1
5.889941977,0.307168474,-5.88612839,1
6.27799273,0.809557897,-5.723425543,1
6.61492902,-0.017693059,-5.886451456,1
6.067461754,-0.20351923,-5.678687712,1
5.824575491,0.342256671,-5.559752283,1
6.053598176,-0.257543937,-5.725070364,1
6.380617202,0.404524286,-5.112876608,1
6.269488706,-0.059434767,-5.739055568,1
6.618157469,0.321031203,-4.721185225,1
7.011927534,0.943923434,-5.281590936,1
6.759590254,0.801922247,-5.580031889,1
6.647645129,0.812165666,-5.97908885,1
6.658293229,0.692519589,-5.25212256,1
6.321516218,-0.301289306,-5.882839113,1
7.177832658,0.638670834,-5.389886266,1
6.502203999,0.19952141,-5.603916998,1
6.788611226,0.863308817,-5.296439652,1
6.497565787,0.807727838,-5.870500585,1
8.825408094,-6.572188451,2.749471576,2
6.71524537,-7.873787983,2.679183668,2
5.66709206,-8.740875253,2.288255768,2
8.885665639,-8.827193698,2.020508662,2
6.353595973,-6.360063636,2.638203286,2
7.370562319,-9.281715503,3.552873924,2
6.076765184,-7.308384516,3.150320838,2
8.838117432,-9.058755128,1.580415285,2
8.335802693,-8.323416351,2.783445134,2
7.84626178,-7.846597662,2.006703347,2
8.516839388,-9.173468892,1.649943932,2
6.586303586,-8.141915307,3.69531307,2
6.457481679,-9.262440096,2.933915051,2
6.003952264,-8.209085859,3.380897939,2
7.300305063,-8.939752197,1.285315515,2
6.511552003,-6.34215668,2.936863745,2
5.976016761,-8.342002979,2.041828821,2
8.424941897,-8.525759883,2.109291744,2
8.591203573,-8.861637404,2.447344183,2
7.466799526,-7.072666858,2.042510937,2
6.733662875,-7.759565777,2.03607163,2
6.625391126,-8.975385331,2.501861824,2
8.726273401,-8.31277014,0.950633293,2
6.16807723,-8.460232992,2.611661307,2
8.523733574,-9.047384321,1.228230894,2
6.768941291,-8.867902398,2.738016837,2
7.211033071,-7.718129357,0.851286111,2
5.929744427,-7.996419128,1.537192781,2
8.779795181,-7.464850637,3.69126475,2
5.723335757,-8.593564581,1.53304616,2
8.367429943,-6.805199977,1.640318624,2
6.43534753,-6.991200646,0.938838711,2
7.057880987,-9.371197789,1.57332148,2
5.540699887,-7.107865235,2.371479429,2
6.754389283,-6.851406472,4.153636293,2
6.383980777,-7.413572945,3.110068573,2
6.071160769,-6.335459717,3.126568858,2
6.51367615,-7.052698416,1.632642494,2
6.981837901,-6.610265907,1.13691182,2
8.664638238,-6.679750577,2.123912698,2
8.034442786,-8.797389431,2.503306317,2
8.177818286,-9.320166656,2.609004938,2
7.966324416,-8.985762118,2.649538797,2
6.313320597,-6.743565945,2.271058573,2
7.732762356,-7.927493252,1.64181738,2
7.317368272,-9.151486974,2.049955145,2
7.43022239,-7.246285467,2.042772763,2
8.632407685,-6.921499216,3.007982497,2
7.860009235,-6.589494599,1.829775976,2
5.809490948,-8.431272928,2.633821198,2
8.46847437,3.917984344,-9.632684703,3
8.141546376,4.079566887,-9.777975217,3
8.112864534,3.957463304,-9.448724416,3
8.632656662,3.904823626,-9.59121016,3
8.373500612,3.909404848,-9.281001442,3
8.081592275,3.686740069,-9.87293882,3
8.179691808,4.048865348,-9.753122931,3
8.505624474,4.006071967,-9.526494711,3
8.218636781,3.610194903,-9.342129779,3
8.320098708,4.110106503,-9.668814128,3
8.202442865,4.029357329,-9.666647589,3
8.428788953,3.839488182,-9.349819643,3
7.940967429,3.83668341,-9.855577072,3
8.302558581,3.994208861,-9.860451505,3
7.928648753,3.905495974,-9.500266674,3
8.238691143,4.171032867,-9.535810275,3
8.174847672,3.700744634,-9.810874279,3
8.184835253,3.813927172,-9.390103134,3
8.08954368,3.708211579,-9.336824536,3
8.174419007,3.838436947,-9.892822403,3
8.255895747,3.962160455,-9.259200807,3
8.001325489,3.899801944,-9.713658177,3
8.214184824,3.919922178,-9.55712086,3
8.499261261,4.16457703,-9.789018848,3
8.570578119,3.884667836,-9.87977956,3
8.284732941,3.739754315,-9.385982435,3
8.207890586,3.680574936,-9.660279727,3
8.318600861,3.635542438,-9.392250325,3
8.293390098,3.595755335,-9.675924605,3
7.984116748,3.967041202,-9.519333098,3
8.01699984,4.005426756,-9.535646235,3
8.52245458,3.882396755,-9.62942643,3
8.291543611,3.929091195,-9.467655485,3
8.048442266,4.01470219,-9.525773942,3
8.140820628,4.101575032,-9.633941826,3
8.509614461,3.922835937,-9.440127391,3
8.287191448,4.087319252,-9.280281403,3
8.466550241,4.028545972,-9.781543158,3
8.461116731,3.983246939,-9.642919087,3
8.472472539,3.673071046,-9.433770972,3
8.004178885,3.936743055,-9.485264379,3
8.198593493,4.065763987,-9.470992558,3
8.194289459,3.843654207,-9.412371291,3
8.356865818,3.647897498,-9.307967871,3
8.073767602,4.159208855,-9.50405257,3
8.328213297,3.960231546,-9.59455223,3
8.374770053,3.745032818,-9.872480019,3
8.370191059,3.728847527,-9.883463485,3
8.450193864,3.787743267,-9.46398136,3
8.261090515,3.542118797,-9.449126128,3
9.661955248,-5.073897084,-2.101266097,4
10.12176261,-3.45852914,-1.39588423,4
8.837875872,-3.352511151,-2.039056221,4
9.556281712,-2.794202325,-2.066040149,4
8.538148255,-4.522493245,-1.144992144,4
7.947127925,-5.182453322,-1.725831801,4
7.809100457,-4.94041115,-1.407283828,4
9.671395609,-3.578784935,-2.697297599,4
8.731795592,-3.762887738,-2.994169389,4
9.411322961,-3.82791021,-1.824652608,4
8.105761198,-3.963772615,-1.177971584,4
10.60628218,-4.70854377,-1.059522983,4
9.301199616,-5.05311721,-1.756294182,4
8.098490892,-3.892027675,-2.759991036,4
8.939741411,-4.12940677,-1.194039654,4
7.643933611,-4.154909292,-1.307558923,4
10.51065097,-3.773279667,-2.446350483,4
9.136208633,-2.831923993,-1.276803225,4
8.082810436,-4.532148877,-0.816469204,4
7.901835312,-3.506030713,-0.975097869,4
9.049252895,-4.415351856,-0.532152811,4
8.442255843,-4.839467842,-2.298641932,4
8.629288002,-5.592794211,-1.586721973,4
9.28700082,-2.974725806,-2.376742667,4
9.375223999,-4.824422951,-2.068351256,4
9.18511989,-3.440535637,-0.4243763,4
7.838196406,-5.387939835,-1.336650331,4
9.533207681,-4.429967751,-2.289117058,4
9.560179649,-4.075879765,-0.484320719,4
8.86887824,-5.233672574,-2.299206133,4
9.003431886,-4.274084034,-2.564579206,4
8.465474662,-3.973222606,-1.843867697,4
9.161664271,-4.58737701,-2.218957611,4
9.102711354,-4.569602753,-2.606807651,4
8.974556336,-4.609394867,-3.145928215,4
9.54704396,-3.174938309,-1.684686344,4
7.790764278,-5.195740775,-1.139708241,4
8.55553185,-3.038802048,-2.354762066,4
9.331974201,-5.917308082,-2.216930373,4
10.74083814,-4.424820109,-1.437374019,4
9.376796591,-3.879643081,-2.243101918,4
8.966437831,-3.317992513,-1.367733041,4
10.12884094,-3.368879977,-2.011750078,4
10.24389202,-5.417064718,-1.165138767,4
9.062996966,-5.633992589,-1.188297798,4
10.07682822,-3.523420961,-1.686086182,4
8.722072893,-4.055902163,-0.73159993,4
8.317030555,-4.534842458,-0.374054581,4
8.060982148,-5.469895426,-1.008955944,4
8.762607596,-5.768093,-1.589844673,4